0.0014705999999999999
0.0010899333333333333
6.556333333333332E-4
0.0011156666666666667
0.0017917333333333334
0.0025553999999999998
0.0035276333333333332
0.004660566666666667
0.005901266666666666
0.0072975333333333324
0.008913266666666668
0.010644366666666667
0.012630633333333335
0.014562
0.0171206
0.018864166666666665
0.02127643333333333
0.023879933333333336
0.026466133333333336
0.029436166666666666
0.03262573333333333
0.0354232
0.03888013333333334
0.042504466666666664
0.045988933333333336
0.04921420000000001
0.05493083333333334
0.0581363
0.06220916666666667
0.06574213333333334
0.0708342
0.0756438
0.08072910000000001
0.08547846666666668
0.09093576666666668
0.09716756666666666
0.10281833333333333
0.10788893333333333
0.11461213333333335
0.1185808
0.12461516666666667
0.13041556666666668
0.13808256666666666
0.1470363
0.15360486666666667
0.16000396666666666
0.17081469999999999
0.17971753333333332
0.1855128
0.1956279333333333
0.2039006
0.2105066
0.22357063333333335
0.2301516
0.2382139
0.2571375
0.25964676666666664
0.2676998
0.28068493333333333
0.2900834333333333
0.30056486666666665
0.3194188333333333
0.31654316666666665
0.32066006666666663
0.33678386666666665
0.3599497
0.371925
0.3848084666666667
0.39140183333333334
0.41989756666666667
0.4287320333333333
0.42836053333333335
0.45410789999999995
0.4591122
0.47703803333333333
0.46818256666666663
0.49244083333333327
0.5069150666666666
0.5245664333333334
0.540724
0.5558063666666667
0.5652938666666666
0.5786786666666667
0.5987042
0.6101207999999999
0.6307774
0.6500763333333334
0.6508990333333333
0.6683985666666666
0.6821388
0.7087020666666667
0.7171260666666667
0.7356435333333334
0.7486370666666667
0.7678102333333333
0.7870749333333333
0.8060171666666668
0.8187464333333333
0.8310002333333334
0.855803
