3.4583333333333335E-4
1.5683333333333334E-4
2.2313333333333333E-4
3.085333333333333E-4
4.6419999999999995E-4
5.113E-4
5.462666666666668E-4
3.521333333333333E-4
4.214666666666667E-4
4.259333333333333E-4
4.6706666666666667E-4
5.681999999999999E-4
5.409666666666667E-4
5.780666666666667E-4
6.407333333333333E-4
6.898E-4
7.328333333333333E-4
7.921333333333333E-4
8.197E-4
8.920666666666667E-4
9.200666666666666E-4
9.692E-4
0.0010396333333333333
0.0010516
0.0011221333333333334
0.0011773333333333334
0.0011902333333333336
0.0012768666666666667
0.0013514333333333333
0.0014003000000000002
0.0013983333333333332
0.0014728666666666667
0.0015047
0.0015339000000000002
0.0016036666666666664
0.0016631
0.0017015333333333332
0.0017563
0.0018234
0.0018865333333333333
0.0019594666666666667
0.0019612999999999996
0.0020374333333333335
0.0020789
0.0021227999999999998
0.0021395999999999997
0.002245566666666667
0.0023052
0.0023459
0.0023718
0.0023941
0.002449933333333333
0.0025078
0.0025825666666666664
0.0026532333333333332
0.0027439666666666668
0.002742033333333333
0.0028100666666666667
0.0028871
0.002906833333333333
0.0029716
0.003178566666666667
0.0030931333333333332
0.003132333333333333
0.0031993
0.003269366666666667
0.003313266666666667
0.0032660333333333334
0.0034391
0.003646033333333333
0.0035329000000000003
0.0035434
0.0036254666666666667
0.003581233333333333
0.0037485333333333337
0.0037797333333333336
0.0038387666666666667
0.0038747
0.0038939333333333336
0.0039836333333333335
0.0039914
0.004139333333333333
0.0041488
0.004234933333333334
0.0042627
0.004332733333333334
0.004353533333333334
0.004658466666666666
0.0044004
0.0044915
0.004615233333333334
0.004632033333333334
0.004671166666666666
0.0048023
0.004773433333333333
0.004904033333333333
0.004961833333333333
0.004943799999999999
0.005020066666666666
0.005025933333333334
