1.4253333333333332E-4
1.2670000000000002E-4
2.0353333333333334E-4
2.828E-4
3.6343333333333335E-4
4.4256666666666667E-4
5.24E-4
6.194000000000001E-4
7.102666666666666E-4
7.620666666666667E-4
8.207E-4
9.301E-4
0.0010372666666666668
0.0010689
0.0011721666666666666
0.0012576333333333333
0.0013595333333333334
0.0014169666666666667
0.0015170333333333333
0.0016374666666666667
0.0016828666666666668
0.0017736333333333333
0.0019078
0.0020170666666666664
0.002086733333333333
0.0021864333333333334
0.0023766666666666667
0.002403933333333333
0.0026022666666666665
0.0026514
0.0026774
0.0027011333333333333
0.0028822
0.002943466666666667
0.0031071
0.0033326666666666665
0.0033299
0.0036177666666666664
0.003707666666666667
0.0036190333333333334
0.0037105
0.003789666666666667
0.0040843
0.0041408
0.004137266666666667
0.004436366666666667
0.0046148
0.0045695
0.004769166666666667
0.004674466666666667
0.004801033333333333
0.004854066666666667
0.005061366666666667
0.005091566666666666
0.005513766666666666
0.005480066666666668
0.0053415
0.0056625
0.006049033333333333
0.005792266666666667
0.005923
0.0065856
0.006173766666666666
0.006236333333333333
0.006665266666666667
0.006677033333333335
0.0067042000000000004
0.0068779999999999996
0.007118733333333333
0.007049266666666667
0.007351433333333333
0.007204100000000001
0.007638666666666666
0.0077331
0.007766100000000001
0.007932066666666666
0.0082431
0.0080062
0.008281033333333333
0.007967433333333334
0.008460533333333334
0.009105566666666667
0.008574166666666667
0.008701633333333333
0.008718066666666668
0.008923333333333333
0.009077233333333332
0.0092181
0.0094935
0.0095016
0.009895666666666667
0.009674266666666667
0.010039366666666667
0.0100714
0.010169633333333332
0.0100024
0.0103985
0.010534233333333332
0.010440466666666667
0.010361866666666665
